start 35 1985 6 8 0 76
254.700000 -39.000000 16.805764 1008.700000 1985.000000 6.000000 8.000000 0.000000
255.700000 -36.000000 16.327278 1008.890000 1985.000000 6.000000 8.000000 6.000000
256.690000 -34.500000 16.228795 1008.200000 1985.000000 6.000000 8.000000 12.000000
261.680000 -33.000000 16.276169 1004.800000 1985.000000 6.000000 8.000000 18.000000
263.180000 -33.500000 19.683420 999.090000 1985.000000 6.000000 9.000000 0.000000
264.170000 -35.000000 22.713859 994.790000 1985.000000 6.000000 9.000000 6.000000
264.670000 -34.500000 27.823246 989.880000 1985.000000 6.000000 9.000000 12.000000
266.170000 -35.000000 27.207837 989.690000 1985.000000 6.000000 9.000000 18.000000
268.160000 -37.000000 26.677411 987.060000 1985.000000 6.000000 10.000000 0.000000
268.660000 -38.500000 27.645094 985.790000 1985.000000 6.000000 10.000000 6.000000
269.160000 -39.000000 23.735143 985.540000 1985.000000 6.000000 10.000000 12.000000
270.660000 -38.500000 21.646884 988.050000 1985.000000 6.000000 10.000000 18.000000
271.650000 -38.500000 21.399964 988.380000 1985.000000 6.000000 11.000000 0.000000
273.150000 -38.500000 21.375524 990.460000 1985.000000 6.000000 11.000000 6.000000
274.400000 -39.000000 19.763980 993.040000 1985.000000 6.000000 11.000000 12.000000
275.640000 -39.500000 18.747099 995.610000 1985.000000 6.000000 11.000000 18.000000
276.640000 -39.500000 19.762401 995.070000 1985.000000 6.000000 12.000000 0.000000
277.140000 -40.000000 19.575725 993.490000 1985.000000 6.000000 12.000000 6.000000
276.640000 -41.000000 22.121412 993.150000 1985.000000 6.000000 12.000000 12.000000
276.140000 -41.000000 19.715131 994.750000 1985.000000 6.000000 12.000000 18.000000
275.640000 -40.500000 17.097204 996.810000 1985.000000 6.000000 13.000000 0.000000
276.640000 -40.500000 18.773719 995.610000 1985.000000 6.000000 13.000000 6.000000
276.640000 -40.000000 17.693120 997.240000 1985.000000 6.000000 13.000000 12.000000
277.140000 -40.000000 15.983504 998.600000 1985.000000 6.000000 13.000000 18.000000
278.140000 -39.500000 14.205041 999.880000 1985.000000 6.000000 14.000000 0.000000
278.640000 -40.500000 13.751073 1001.300000 1985.000000 6.000000 14.000000 6.000000
279.130000 -41.000000 14.872138 1001.740000 1985.000000 6.000000 14.000000 12.000000
280.630000 -42.000000 13.896852 1004.200000 1985.000000 6.000000 14.000000 18.000000
280.630000 -43.000000 11.676035 1005.440000 1985.000000 6.000000 15.000000 0.000000
280.130000 -44.000000 13.638934 1005.090000 1985.000000 6.000000 15.000000 6.000000
280.130000 -44.500000 13.245407 1007.060000 1985.000000 6.000000 15.000000 12.000000
280.130000 -45.000000 13.376012 1008.870000 1985.000000 6.000000 15.000000 18.000000
278.640000 -45.500000 12.485932 1008.230000 1985.000000 6.000000 16.000000 0.000000
278.140000 -45.000000 11.012761 1008.660000 1985.000000 6.000000 16.000000 6.000000
278.640000 -45.500000 11.065302 1010.780000 1985.000000 6.000000 16.000000 12.000000
start 31 2018 5 2 6 739
251.500000 -34.000000 9.212564 1011.180000 2018.000000 5.000000 2.000000 6.000000
253.750000 -34.000000 8.954327 1010.090000 2018.000000 5.000000 2.000000 12.000000
256.750000 -34.000000 9.361092 1012.140000 2018.000000 5.000000 2.000000 18.000000
259.750000 -34.000000 11.026744 1011.620000 2018.000000 5.000000 3.000000 0.000000
262.750000 -33.250000 13.794192 1012.500000 2018.000000 5.000000 3.000000 6.000000
266.500000 -33.250000 13.530063 1011.550000 2018.000000 5.000000 3.000000 12.000000
268.750000 -33.250000 12.591286 1010.920000 2018.000000 5.000000 3.000000 18.000000
270.250000 -33.250000 12.838909 1007.400000 2018.000000 5.000000 4.000000 0.000000
272.500000 -33.250000 13.683238 1004.770000 2018.000000 5.000000 4.000000 6.000000
274.000000 -34.000000 25.291590 1000.420000 2018.000000 5.000000 4.000000 12.000000
274.750000 -34.000000 20.357216 994.930000 2018.000000 5.000000 4.000000 18.000000
275.500000 -34.000000 18.626408 991.870000 2018.000000 5.000000 5.000000 0.000000
277.000000 -34.000000 16.942410 992.600000 2018.000000 5.000000 5.000000 6.000000
277.750000 -34.750000 16.497339 990.740000 2018.000000 5.000000 5.000000 12.000000
278.500000 -35.500000 12.739173 992.260000 2018.000000 5.000000 5.000000 18.000000
278.500000 -36.250000 12.443255 993.570000 2018.000000 5.000000 6.000000 0.000000
278.500000 -36.250000 11.094893 996.110000 2018.000000 5.000000 6.000000 6.000000
278.500000 -36.250000 11.096031 997.580000 2018.000000 5.000000 6.000000 12.000000
278.500000 -35.500000 9.202775 1001.670000 2018.000000 5.000000 6.000000 18.000000
278.500000 -34.750000 10.071292 1003.550000 2018.000000 5.000000 7.000000 0.000000
279.250000 -34.000000 7.881681 1005.960000 2018.000000 5.000000 7.000000 6.000000
280.000000 -32.500000 10.211308 1007.660000 2018.000000 5.000000 7.000000 12.000000
280.000000 -32.500000 8.217718 1009.230000 2018.000000 5.000000 7.000000 18.000000
280.750000 -31.750000 6.602517 1009.470000 2018.000000 5.000000 8.000000 0.000000
281.500000 -31.000000 6.778980 1009.110000 2018.000000 5.000000 8.000000 6.000000
281.500000 -31.000000 6.408419 1009.230000 2018.000000 5.000000 8.000000 12.000000
281.500000 -31.000000 7.901086 1010.420000 2018.000000 5.000000 8.000000 18.000000
281.500000 -30.250000 6.408975 1010.910000 2018.000000 5.000000 9.000000 0.000000
281.500000 -30.250000 7.505793 1012.710000 2018.000000 5.000000 9.000000 6.000000
282.250000 -29.500000 4.894144 1013.430000 2018.000000 5.000000 9.000000 12.000000
282.250000 -29.500000 4.994496 1014.620000 2018.000000 5.000000 9.000000 18.000000
