start 31 2018 5 2 6 1
251.500000 -34.000000 1011.180000 9.212564 NaN NaN 44.832275 -188.071411 -181.993576 2018.000000 5.000000 2.000000 6.000000
253.750000 -34.000000 1010.090000 8.954327 207.411569 90.629148 46.800415 -197.778030 -190.569557 2018.000000 5.000000 2.000000 12.000000
256.750000 -34.000000 1012.140000 9.361092 276.544436 90.838921 48.921712 -200.217219 -199.978739 2018.000000 5.000000 2.000000 18.000000
259.750000 -34.000000 1011.620000 11.026744 276.544436 90.838921 48.002686 -202.327454 -204.221931 2018.000000 5.000000 3.000000 0.000000
262.750000 -33.250000 1012.500000 13.794192 290.004699 74.122878 49.800964 -201.105083 -229.255993 2018.000000 5.000000 3.000000 6.000000
266.500000 -33.250000 1011.550000 13.530063 348.696700 91.028307 52.383057 -202.718777 -260.920109 2018.000000 5.000000 3.000000 12.000000
268.750000 -33.250000 1010.920000 12.591286 209.225208 90.616885 55.732544 -206.508595 -301.326889 2018.000000 5.000000 3.000000 18.000000
270.250000 -33.250000 1007.400000 12.838909 139.484969 90.411236 59.192017 -189.028183 -338.686119 2018.000000 5.000000 4.000000 0.000000
272.500000 -33.250000 1004.770000 13.683238 209.225208 90.616885 64.236206 -157.891582 -346.691086 2018.000000 5.000000 4.000000 6.000000
274.000000 -34.000000 1000.420000 25.291590 161.996571 121.397311 60.512512 -97.812473 -329.959206 2018.000000 5.000000 4.000000 12.000000
274.750000 -34.000000 994.930000 20.357216 69.138425 90.209699 50.026184 -33.696515 -286.971325 2018.000000 5.000000 4.000000 18.000000
275.500000 -34.000000 991.870000 18.626408 69.138425 90.209699 36.006104 1.558012 -243.506035 2018.000000 5.000000 5.000000 0.000000
277.000000 -34.000000 992.600000 16.942410 138.275923 90.419411 24.421936 17.337932 -200.563141 2018.000000 5.000000 5.000000 6.000000
277.750000 -34.750000 990.740000 16.497339 108.132181 140.676232 18.237854 12.512781 -154.319242 2018.000000 5.000000 5.000000 12.000000
278.500000 -35.500000 992.260000 12.739173 107.737151 140.935476 18.328552 12.653700 -103.736903 2018.000000 5.000000 5.000000 18.000000
278.500000 -36.250000 993.570000 12.443255 83.396195 180.000000 14.411804 28.799482 -50.229972 2018.000000 5.000000 6.000000 0.000000
278.500000 -36.250000 996.110000 11.094893 0.000000 0.000000 8.485657 44.253080 -25.498766 2018.000000 5.000000 6.000000 6.000000
278.500000 -36.250000 997.580000 11.096031 0.000000 0.000000 6.006287 53.997505 -27.010977 2018.000000 5.000000 6.000000 12.000000
278.500000 -35.500000 1001.670000 9.202775 83.396195 0.000000 2.700745 47.314942 -48.619136 2018.000000 5.000000 6.000000 18.000000
278.500000 -34.750000 1003.550000 10.071292 83.396195 0.000000 9.599976 30.110790 -81.587159 2018.000000 5.000000 7.000000 0.000000
279.250000 -34.000000 1005.960000 7.881681 108.132181 39.747237 13.312683 14.900394 -108.942858 2018.000000 5.000000 7.000000 6.000000
280.000000 -32.500000 1007.660000 10.211308 180.784795 22.898409 13.147644 11.119620 -122.900673 2018.000000 5.000000 7.000000 12.000000
280.000000 -32.500000 1009.230000 8.217718 0.000000 0.000000 14.060730 7.418582 -129.206907 2018.000000 5.000000 7.000000 18.000000
280.750000 -31.750000 1009.470000 6.602517 109.283940 40.460953 14.699829 -4.511343 -134.210285 2018.000000 5.000000 8.000000 0.000000
281.500000 -31.000000 1009.110000 6.778980 109.656075 40.685824 10.720886 -13.404006 -131.252754 2018.000000 5.000000 8.000000 6.000000
281.500000 -31.000000 1009.230000 6.408419 0.000000 0.000000 7.538940 -33.428295 -128.353970 2018.000000 5.000000 8.000000 12.000000
281.500000 -31.000000 1010.420000 7.901086 0.000000 0.000000 1.448486 -40.706134 -120.902897 2018.000000 5.000000 8.000000 18.000000
281.500000 -30.250000 1010.910000 6.408975 83.396195 0.000000 -3.058350 -19.116054 -133.309784 2018.000000 5.000000 9.000000 0.000000
281.500000 -30.250000 1012.710000 7.505793 0.000000 0.000000 0.536377 -9.009565 -162.727470 2018.000000 5.000000 9.000000 6.000000
282.250000 -29.500000 1013.430000 4.894144 110.381502 41.116427 9.228088 -9.310385 -219.502445 2018.000000 5.000000 9.000000 12.000000
282.250000 -29.500000 1014.620000 4.994496 0.000000 0.000000 15.288086 -1.122807 -263.337718 2018.000000 5.000000 9.000000 18.000000
