start 31 2018 5 2 6 1
251.500000 -34.000000 1011.180000 9.212564 NaN NaN NaN NaN NaN 2018.000000 5.000000 2.000000 6.000000
253.750000 -34.000000 1010.090000 8.954327 207.411569 90.629148 44.832275 -188.071411 -181.993576 2018.000000 5.000000 2.000000 12.000000
256.750000 -34.000000 1012.140000 9.361092 276.544436 90.838921 48.768555 -207.484650 -199.145538 2018.000000 5.000000 2.000000 18.000000
259.750000 -34.000000 1011.620000 11.026744 276.544436 90.838921 53.164307 -205.095596 -218.797104 2018.000000 5.000000 3.000000 0.000000
262.750000 -33.250000 1012.500000 13.794192 290.004699 74.122878 45.245605 -208.658157 -216.951508 2018.000000 5.000000 3.000000 6.000000
266.500000 -33.250000 1011.550000 13.530063 348.696700 91.028307 52.025391 -183.181931 -282.129822 2018.000000 5.000000 3.000000 12.000000
268.750000 -33.250000 1010.920000 12.591286 209.225208 90.616885 59.096924 -213.939423 -325.802002 2018.000000 5.000000 3.000000 18.000000
270.250000 -33.250000 1007.400000 12.838909 139.484969 90.411236 66.562256 -220.254868 -380.424225 2018.000000 5.000000 4.000000 0.000000
272.500000 -33.250000 1004.770000 13.683238 209.225208 90.616885 59.083496 -138.736511 -366.388428 2018.000000 5.000000 4.000000 6.000000
274.000000 -34.000000 1000.420000 25.291590 161.996571 121.397311 72.202148 -58.635529 -314.149689 2018.000000 5.000000 4.000000 12.000000
274.750000 -34.000000 994.930000 20.357216 69.138425 90.209699 44.202148 26.377014 -258.874481 2018.000000 5.000000 4.000000 18.000000
275.500000 -34.000000 991.870000 18.626408 69.138425 90.209699 24.616943 36.208965 -208.472702 2018.000000 5.000000 5.000000 0.000000
277.000000 -34.000000 992.600000 16.942410 138.275923 90.419411 3.003174 2.281597 -192.527267 2018.000000 5.000000 5.000000 6.000000
277.750000 -34.750000 990.740000 16.497339 108.132181 140.676232 25.865479 4.484153 -142.378113 2018.000000 5.000000 5.000000 12.000000
278.500000 -35.500000 992.260000 12.739173 107.737151 140.935476 19.465820 7.076410 -73.898888 2018.000000 5.000000 5.000000 18.000000
278.500000 -36.250000 993.570000 12.443255 83.396195 180.000000 24.979736 36.772640 -6.143345 2018.000000 5.000000 6.000000 0.000000
278.500000 -36.250000 996.110000 11.094893 0.000000 0.000000 -12.663818 66.864723 21.500458 2018.000000 5.000000 6.000000 6.000000
278.500000 -36.250000 997.580000 11.096031 0.000000 0.000000 2.160889 66.298546 -43.453289 2018.000000 5.000000 6.000000 12.000000
278.500000 -35.500000 1001.670000 9.202775 83.396195 0.000000 9.548340 46.054111 -79.947731 2018.000000 5.000000 6.000000 18.000000
278.500000 -34.750000 1003.550000 10.071292 83.396195 0.000000 11.757568 10.042387 -92.575981 2018.000000 5.000000 7.000000 0.000000
279.250000 -34.000000 1005.960000 7.881681 108.132181 39.747237 14.933105 -1.951882 -110.371635 2018.000000 5.000000 7.000000 6.000000
280.000000 -32.500000 1007.660000 10.211308 180.784795 22.898409 17.011719 5.456962 -152.876083 2018.000000 5.000000 7.000000 12.000000
280.000000 -32.500000 1009.230000 8.217718 0.000000 0.000000 8.888184 30.931013 -135.778992 2018.000000 5.000000 7.000000 18.000000
280.750000 -31.750000 1009.470000 6.602517 109.283940 40.460953 15.409912 -4.761763 -117.800919 2018.000000 5.000000 8.000000 0.000000
281.500000 -31.000000 1009.110000 6.778980 109.656075 40.685824 17.489502 -49.671585 -130.385147 2018.000000 5.000000 8.000000 6.000000
281.500000 -31.000000 1009.230000 6.408419 0.000000 0.000000 1.095947 -30.113688 -141.045959 2018.000000 5.000000 8.000000 12.000000
281.500000 -31.000000 1010.420000 7.901086 0.000000 0.000000 -3.839600 -49.166145 -124.183853 2018.000000 5.000000 8.000000 18.000000
281.500000 -30.250000 1010.910000 6.408975 83.396195 0.000000 -8.951904 -33.873119 -87.996628 2018.000000 5.000000 9.000000 0.000000
281.500000 -30.250000 1012.710000 7.505793 0.000000 0.000000 -0.537842 36.688736 -180.012695 2018.000000 5.000000 9.000000 6.000000
282.250000 -29.500000 1013.430000 4.894144 110.381502 41.116427 15.474854 10.312270 -258.716705 2018.000000 5.000000 9.000000 12.000000
282.250000 -29.500000 1014.620000 4.994496 0.000000 0.000000 30.927246 -50.369427 -351.283752 2018.000000 5.000000 9.000000 18.000000
