start 31 2018 5 2 6 1
251.500000 -34.000000 9.212564 1011.180000 2018.000000 5.000000 2.000000 6.000000
253.750000 -34.000000 8.954327 1010.090000 2018.000000 5.000000 2.000000 12.000000
256.750000 -34.000000 9.361092 1012.140000 2018.000000 5.000000 2.000000 18.000000
259.750000 -34.000000 11.026744 1011.620000 2018.000000 5.000000 3.000000 0.000000
262.750000 -33.250000 13.794192 1012.500000 2018.000000 5.000000 3.000000 6.000000
266.500000 -33.250000 13.530063 1011.550000 2018.000000 5.000000 3.000000 12.000000
268.750000 -33.250000 12.591286 1010.920000 2018.000000 5.000000 3.000000 18.000000
270.250000 -33.250000 12.838909 1007.400000 2018.000000 5.000000 4.000000 0.000000
272.500000 -33.250000 13.683238 1004.770000 2018.000000 5.000000 4.000000 6.000000
274.000000 -34.000000 25.291590 1000.420000 2018.000000 5.000000 4.000000 12.000000
274.750000 -34.000000 20.357216 994.930000 2018.000000 5.000000 4.000000 18.000000
275.500000 -34.000000 18.626408 991.870000 2018.000000 5.000000 5.000000 0.000000
277.000000 -34.000000 16.942410 992.600000 2018.000000 5.000000 5.000000 6.000000
277.750000 -34.750000 16.497339 990.740000 2018.000000 5.000000 5.000000 12.000000
278.500000 -35.500000 12.739173 992.260000 2018.000000 5.000000 5.000000 18.000000
278.500000 -36.250000 12.443255 993.570000 2018.000000 5.000000 6.000000 0.000000
278.500000 -36.250000 11.094893 996.110000 2018.000000 5.000000 6.000000 6.000000
278.500000 -36.250000 11.096031 997.580000 2018.000000 5.000000 6.000000 12.000000
278.500000 -35.500000 9.202775 1001.670000 2018.000000 5.000000 6.000000 18.000000
278.500000 -34.750000 10.071292 1003.550000 2018.000000 5.000000 7.000000 0.000000
279.250000 -34.000000 7.881681 1005.960000 2018.000000 5.000000 7.000000 6.000000
280.000000 -32.500000 10.211308 1007.660000 2018.000000 5.000000 7.000000 12.000000
280.000000 -32.500000 8.217718 1009.230000 2018.000000 5.000000 7.000000 18.000000
280.750000 -31.750000 6.602517 1009.470000 2018.000000 5.000000 8.000000 0.000000
281.500000 -31.000000 6.778980 1009.110000 2018.000000 5.000000 8.000000 6.000000
281.500000 -31.000000 6.408419 1009.230000 2018.000000 5.000000 8.000000 12.000000
281.500000 -31.000000 7.901086 1010.420000 2018.000000 5.000000 8.000000 18.000000
281.500000 -30.250000 6.408975 1010.910000 2018.000000 5.000000 9.000000 0.000000
281.500000 -30.250000 7.505793 1012.710000 2018.000000 5.000000 9.000000 6.000000
282.250000 -29.500000 4.894144 1013.430000 2018.000000 5.000000 9.000000 12.000000
282.250000 -29.500000 4.994496 1014.620000 2018.000000 5.000000 9.000000 18.000000
